object_list:
- arm_name: right
  object_name: biscuits
  pick_pose:
    orientation:
      w: 0.0
      x: 0.0
      y: 0.0
      z: 0.0
    position:
      x: 0.6311993598937988
      y: 0.13135914504528046
      z: 0.6768234968185425
  place_pose:
    orientation:
      w: 0.0
      x: 0.0
      y: 0.0
      z: 0.0
    position:
      x: -0.03
      y: -0.71
      z: 0.605
  test_scene_num: 2
